0.249498 -0.0224578 0.292368 0.672231
0.419697 0.941841 0.071695 -0.626384
0.419697 -1.05816 0.071695 -0.626384
0.419697 -1.05816 0.071695 1.37362
0.419697 0.941841 0.071695 1.37362
0.420392 0.0453906 0.959387 -0.915293
0.420392 0.0453906 -1.04061 -0.915293
0.420392 0.0453906 -1.04061 1.08471
0.420392 0.0453906 0.959387 1.08471
0.485751 -0.8201 0.968586 0.336174
0.485751 -0.8201 -1.03141 0.336174
0.485751 1.1799 -1.03141 0.336174
0.485751 1.1799 0.968586 0.336174
0.101536 -0.204772 0.263491 -0.0398555
0.21173 -0.607099 -0.189763 0.985121
0.21173 -0.607099 -0.189763 -1.01488
0.071645 0.847293 -0.758298 0.908358
0.304605 0.0449345 -0.994046 0.0130722
0.304605 0.0449345 1.00595 0.0130722
0.347853 -0.293365 -0.419599 0.563869
0.0540755 -0.601639 -0.531835 -0.241952
0.106261 0.241691 0.472974 -0.59225
0.208508 0.673819 -0.456835 0.741039
0.0692171 0.516696 0.803132 0.8185
0.0114587 0.331514 0.945641 0.342736
