0.182189 -0.589056 -0.282954 -0.764113
0.243409 -0.783534 0.683874 0.365022
0.243409 1.21647 0.683874 0.365022
0.147177 0.0996221 -0.320461 0.667473
0.143293 -0.737045 0.395781 -0.226245
0.373004 0.0506708 -0.816597 0.83372
0.373004 0.0506708 -0.816597 -1.16628
0.373004 0.0506708 1.1834 -1.16628
0.373004 0.0506708 1.1834 0.83372
0.319924 0.294869 0.490453 0.731121
0.319924 0.294869 0.490453 -1.26888
0.235908 -0.362912 0.194206 0.000959549
0.379156 0.806935 -0.523041 -0.942
0.379156 -1.19306 -0.523041 -0.942
0.379156 -1.19306 -0.523041 1.058
0.379156 0.806935 -0.523041 1.058
0.254751 0.278635 -0.660651 0.194373
0.310134 0.391778 -0.417753 -0.345837
0.227418 0.929125 -0.0226779 -0.0487083
0.227418 -1.07087 -0.0226779 -0.0487083
0.195392 -0.323332 0.663082 0.102604
0.1116 0.967424 0.561316 0.810584
0.1116 -1.03258 0.561316 0.810584
0.394336 -0.625063 -0.30058 0.418077
0.394336 1.37494 -0.30058 0.418077
0.216449 0.390604 0.072234 0.347255
0.216819 -0.140405 -0.631205 -0.290081
0.202948 -0.790876 0.756884 -0.504049
0.220646 -0.0491887 0.238133 -0.507001
0.184281 -0.559336 0.584402 0.948579
0.184281 -0.559336 0.584402 -1.05142
0.105017 0.0842579 -0.189806 -0.96212
0.105017 0.0842579 -0.189806 1.03788
0.114661 0.902149 0.883386 -0.81113
0.114661 -1.09785 0.883386 -0.81113
0.128299 -0.780018 0.690676 -0.0487559
0.206201 0.673893 -0.465669 0.467782
0.159946 -0.332362 -0.983848 -0.225187
0.159946 -0.332362 1.01615 -0.225187
0.112259 -0.330918 0.287286 0.852456
0.322745 0.857457 0.136323 -0.642681
0.322745 -1.14254 0.136323 -0.642681
0.133268 -0.481026 0.169861 -0.439328
0.174443 -0.0327135 -0.152311 0.0441643
0.145796 -0.21138 -0.101029 -0.789067
0.19943 -0.95939 0.18098 0.844523
0.19943 -0.95939 0.18098 -1.15548
0.19943 1.04061 0.18098 -1.15548
0.19943 1.04061 0.18098 0.844523
0.18913 0.289417 0.857512 -0.085369
0.18913 0.289417 -1.14249 -0.085369
0.141825 0.3427 0.0375528 -0.335928
0.131136 0.88176 -0.970649 -0.597167
0.131136 -1.11824 -0.970649 -0.597167
0.131136 -1.11824 1.02935 -0.597167
0.131136 0.88176 1.02935 -0.597167
0.125157 0.501329 0.185298 -0.0106384
0.132804 0.155735 0.239562 0.0469816
0.36596 0.961251 -0.848762 -0.0717978
0.36596 -1.03875 -0.848762 -0.0717978
0.36596 -1.03875 1.15124 -0.0717978
0.36596 0.961251 1.15124 -0.0717978
0.188133 0.892256 0.937454 0.877554
0.188133 -1.10774 -1.06255 -1.12245
0.188133 0.892256 -1.06255 -1.12245
0.188133 -1.10774 0.937454 -1.12245
0.188133 0.892256 0.937454 -1.12245
0.188133 -1.10774 -1.06255 0.877554
0.188133 0.892256 -1.06255 0.877554
0.188133 -1.10774 0.937454 0.877554
0.190666 -0.479533 -0.771657 -0.668318
0.129052 -0.0745851 0.713818 -0.839752
0.16497 -0.508266 -0.912808 0.88789
0.16497 -0.508266 -0.912808 -1.11211
0.16497 -0.508266 1.08719 -1.11211
0.16497 -0.508266 1.08719 0.88789
0.148901 -0.240065 0.762852 0.534041
0.136457 -0.427031 0.403133 0.43396
0.166476 -0.30312 -0.128634 -0.376319
0.104067 -0.252374 0.744574 -0.995018
0.104067 -0.252374 0.744574 1.00498
0.186564 -0.12785 -0.939992 -0.57029
0.186564 -0.12785 1.06001 -0.57029
0.16156 0.353103 -0.0195548 -0.815997
0.150568 0.576238 -0.942056 0.761823
0.150568 0.576238 1.05794 0.761823
0.116139 0.150644 -0.581953 -0.739453
0.217266 0.522244 0.523659 -0.233577
0.116514 0.786287 0.465163 0.329725
0.101234 -0.77675 -0.182809 -0.0594465
0.186008 0.392431 0.498367 -0.663953
0.130248 -0.824803 -0.803671 0.776522
0.141329 -0.192005 -0.521558 0.0607115
0.160404 0.742844 0.178436 0.596053
0.104238 -0.897774 0.945941 -0.740772
0.104238 -0.897774 -1.05406 -0.740772
0.104238 1.10223 0.945941 -0.740772
0.163538 -0.0778902 0.0210163 0.502441
0.138715 -0.493041 0.221085 -0.829258
0.143988 0.595834 0.845442 0.173142
