0.110681 -0.589056 -0.282954 -0.764113
0.185676 -0.783534 0.683874 0.365022
0.0677923 0.0996221 -0.320461 0.667473
0.0630341 -0.737045 0.395781 -0.226245
0.34443 0.0506708 -0.816597 0.83372
0.34443 0.0506708 -0.816597 -1.16628
0.34443 0.0506708 1.1834 -1.16628
0.34443 0.0506708 1.1834 0.83372
0.279407 0.294869 0.490453 0.731121
0.279407 0.294869 0.490453 -1.26888
0.176487 -0.362912 0.194206 0.000959549
0.074424 0.0546813 0.525787 0.432846
0.351966 0.806935 -0.523041 -0.942
0.351966 -1.19306 -0.523041 -0.942
0.351966 -1.19306 -0.523041 1.058
0.351966 0.806935 -0.523041 1.058
0.19957 0.278635 -0.660651 0.194373
0.267414 0.391778 -0.417753 -0.345837
0.0549338 0.0608305 -0.415906 0.157954
0.434125 -0.35748 -0.142924 0.549856
0.166087 0.929125 -0.0226779 -0.0487083
0.166087 -1.07087 -0.0226779 -0.0487083
0.126855 -0.323332 0.663082 0.102604
0.02421 0.967424 0.561316 0.810584
0.0931406 -0.70027 0.515984 0.664897
0.101123 0.876042 -0.258319 -0.481922
0.0397496 -0.833658 -0.257629 -0.69536
0.350986 -0.857912 -0.810115 -0.331134
0.350986 -0.857912 1.18989 -0.331134
0.350986 1.14209 -0.810115 -0.331134
0.350986 1.14209 1.18989 -0.331134
0.152651 0.390604 0.072234 0.347255
0.153103 -0.140405 -0.631205 -0.290081
0.190966 0.585312 -0.831434 -0.012882
0.190966 0.585312 1.16857 -0.012882
0.287769 -0.970705 0.427338 -0.554351
0.287769 1.0293 0.427338 -0.554351
0.249444 0.793209 0.547771 0.38676
0.249444 -1.20679 0.547771 0.38676
0.243066 -0.075392 0.574127 -0.874215
0.243066 -0.075392 0.574127 1.12579
0.156779 0.204072 0.93395 0.376351
0.156779 0.204072 -1.06605 0.376351
0.10012 0.478584 -0.195775 0.373337
0.157792 -0.0491887 0.238133 -0.507001
0.113244 -0.559336 0.584402 0.948579
0.113244 -0.559336 0.584402 -1.05142
0.0161458 0.0842579 -0.189806 -0.96212
0.140768 0.829658 -0.108321 0.500292
0.0279592 0.902149 0.883386 -0.81113
0.0446657 -0.780018 0.690676 -0.0487559
0.140096 0.673893 -0.465669 0.467782
0.0834339 -0.332362 -0.983848 -0.225187
0.0834339 -0.332362 1.01615 -0.225187
0.175784 0.00732657 0.614575 -0.345474
0.025017 -0.330918 0.287286 0.852456
0.0289889 0.00811221 -0.541808 0.0801977
0.0689082 0.0718348 0.0580536 0.374869
0.0178626 -0.833881 -0.615273 0.423089
0.0507537 -0.481026 0.169861 -0.439328
0.191881 -0.640242 -0.088694 -0.0196969
0.0846367 0.82069 -0.392982 0.277507
0.101859 0.254551 0.0298736 -0.384401
0.101193 -0.0327135 -0.152311 0.0441643
0.0448115 0.441772 0.267081 -0.980015
0.0448115 0.441772 0.267081 1.01999
0.0565218 0.0328387 -0.651164 0.0236629
0.173872 0.209905 -0.967772 -0.0542372
0.173872 0.209905 1.03223 -0.0542372
0.0660995 -0.21138 -0.101029 -0.789067
0.131802 -0.95939 0.18098 0.844523
0.131802 1.04061 0.18098 0.844523
0.09684 0.727211 0.987173 -0.965362
0.09684 0.727211 -1.01283 -0.965362
0.09684 0.727211 -1.01283 1.03464
0.09684 0.727211 0.987173 1.03464
0.120424 -0.714226 -0.0420853 -0.671825
0.0512987 -0.980693 0.599834 -0.140405
0.0512987 1.01931 0.599834 -0.140405
0.0171773 0.0609833 0.173463 -0.247565
0.177649 -0.0709536 -0.404474 -0.521366
0.0481419 0.88176 -0.970649 -0.597167
0.0481419 0.88176 1.02935 -0.597167
0.0408173 0.501329 0.185298 -0.0106384
0.050185 0.155735 0.239562 0.0469816
0.117963 0.892256 0.937454 0.877554
0.117963 0.892256 -1.06255 0.877554
0.117963 -1.10774 0.937454 0.877554
0.0899502 0.0114175 0.727211 0.120719
0.121066 -0.479533 -0.771657 -0.668318
0.0425754 0.282622 -0.477523 0.38938
0.0192807 -0.909949 0.373234 0.324709
0.228461 0.164377 -0.942727 -0.509575
0.228461 0.164377 1.05727 -0.509575
0.0562732 0.952484 0.982646 0.692898
0.0562732 -1.04752 -1.01735 0.692898
0.0562732 0.952484 -1.01735 0.692898
0.0562732 -1.04752 0.982646 0.692898
0.0638957 -0.532845 0.92951 -0.335892
0.0895887 -0.508266 -0.912808 0.88789
0.0895887 -0.508266 1.08719 0.88789
